##########################################################################
# This is Table 2 from the paper Cappellari et. al (2011b)
# "The Atlas3D project -- VII. A new look at the morphology of
#  nearby galaxies: the kinematic morphology-density relation."
#
# Table title: The local galaxy density for the Atlas3D
#              sample of 260 early-type galaxies.
##########################################################################
#   Galaxy   |logRho10 |logSig10 | logSig3 | logNu10 | logI10  |  logI3  |
#            |(Mpc^-3) |(Mpc^-2) |(Mpc^-2) |(L/Mpc^3)|(L/Mpc^2)|(L/Mpc^2)|
#     (1)    |   (2)   |   (3)   |   (4)   |   (5)   |   (6)   |   (7)   |
##########################################################################
     IC0560     -1.91     -0.76      0.05      8.57      9.74     10.43
     IC0598     -2.31     -1.33     -1.71      8.27      9.28      8.91
     IC0676     -1.41     -0.62     -0.62      9.19      9.96      9.79
     IC0719     -1.91     -1.02     -1.21      8.93      9.73      9.17
     IC0782     -0.65      0.28      0.96     10.11     11.00     11.67
     IC1024     -0.85      0.17     -0.10      9.82     10.91     10.53
     IC3631     -2.05     -1.10     -1.06      8.89      9.58      9.80
    NGC0448     -1.79     -1.01     -1.08      9.09      9.60      9.54
    NGC0474     -1.78     -0.55     -0.04      9.02     10.36     11.27
    NGC0502     -1.46     -0.25      1.10      9.06     10.63     11.58
    NGC0509     -1.28     -0.25      1.27      9.56     10.64     12.11
    NGC0516     -1.42      0.10      1.71      9.41     10.74     12.56
    NGC0524     -2.22      0.01      1.80      8.44     10.79     12.32
    NGC0525     -1.48     -0.57      1.27      9.38     10.41     12.06
    NGC0661     -2.51     -0.89      0.07      8.39     10.02     11.05
    NGC0680     -1.77     -1.03      1.47      9.09      9.71     12.15
    NGC0770     -2.03     -1.31     -0.71      8.89      9.62     10.49
    NGC0821     -2.12     -1.32     -1.02      8.90      9.30      9.51
    NGC0936     -1.59     -0.48     -0.56      9.34     10.35     10.60
    NGC1023     -2.42     -1.45     -0.16      8.09      9.24     10.30
    NGC1121     -1.98     -0.95     -0.80      8.70      9.74     10.11
    NGC1222     -1.90     -1.01     -0.53      8.60      9.58      9.88
    NGC1248     -1.97     -1.03     -0.25      8.57      9.52     10.05
    NGC1266     -2.11     -1.15     -0.43      8.40      9.35      9.94
    NGC1289     -2.12     -1.17     -1.10      8.46      9.43      9.44
    NGC1665     -1.89     -0.96      0.38      8.47      9.40     10.65
    NGC2481     -2.29     -1.18     -1.08      8.20      9.40      9.40
    NGC2549     -1.99     -0.71     -0.77      8.65      9.70      9.71
    NGC2577     -2.31     -1.30     -1.03      8.15      9.26      9.52
    NGC2592     -2.29     -1.02     -0.79      8.29      9.46      9.73
    NGC2594     -2.18     -1.44     -1.32      8.31      9.08      9.18
    NGC2679     -1.99     -0.84     -0.78      8.49      9.59      9.56
    NGC2685     -1.82     -1.12     -0.90      8.98      9.45      9.90
    NGC2695     -2.23     -1.08      1.42      8.43      9.68     11.88
    NGC2698     -1.94     -0.96      1.84      8.69      9.82     12.58
    NGC2699     -1.91     -0.93      1.87      8.74      9.85     12.66
    NGC2764     -2.01     -1.52     -0.91      8.47      8.86      9.50
    NGC2768     -1.81     -0.69     -0.07      8.85      9.95     10.43
    NGC2778     -1.98     -0.92     -0.05      8.56      9.48     10.26
    NGC2824     -2.08     -1.67     -0.79      8.41      8.85      9.61
    NGC2852     -1.88     -0.82     -0.91      8.67      9.74      9.46
    NGC2859     -1.69     -0.61     -0.72      8.70      9.83      9.78
    NGC2880     -1.73     -0.64     -0.19      9.06     10.05     10.61
    NGC2950     -1.77     -0.13     -0.05      8.91     10.52     10.77
    NGC2962     -2.15     -0.47     -0.71      8.27      9.96      9.62
    NGC2974     -2.05     -0.52     -0.49      8.69      9.91      9.89
    NGC3032     -1.52     -0.46     -0.23      8.99     10.16     10.43
    NGC3073     -2.06     -1.06     -0.75      8.36      9.60      9.94
    NGC3098     -1.18     -0.38     -0.56      9.41     10.37     10.18
    NGC3156     -1.87     -1.05     -0.58      8.79      9.55     10.31
    NGC3182     -1.92     -1.06     -0.96      8.51      9.47      9.41
    NGC3193     -2.43     -0.29      0.56      8.23     10.32     11.32
    NGC3226     -1.11      0.16      0.16      9.49     10.86     10.77
    NGC3230     -1.78     -0.75     -0.76      8.68      9.83      9.69
    NGC3245     -1.36     -0.27     -0.44      8.93     10.25     10.22
    NGC3248     -1.12     -0.28     -0.03      9.57     10.47     10.80
    NGC3301     -1.03     -0.06     -0.16      9.57     10.68      9.97
    NGC3377     -1.25     -0.14      0.64      9.41     10.44     11.23
    NGC3379     -1.13     -0.08      1.25      9.51     10.60     11.88
    NGC3384     -1.27      0.03      1.12      9.37     10.64     11.69
    NGC3400     -1.11     -0.08      0.38      9.41     10.45     10.93
    NGC3412     -1.27      0.18      1.32      9.41     10.80     12.01
    NGC3414     -1.18     -0.16      0.71      9.23     10.26     10.80
    NGC3457     -1.01     -0.17     -0.26      9.61     10.34      9.97
    NGC3458     -1.50     -0.22     -0.48      9.09     10.35     10.16
    NGC3489     -1.38     -0.26      0.35      9.28     10.31     10.88
    NGC3499     -1.53     -0.35     -0.38      9.06     10.18     10.28
    NGC3522     -1.33     -0.30     -0.43      9.32     10.19     10.16
    NGC3530     -1.56     -0.27      0.04      9.07     10.37     10.74
    NGC3595     -1.98     -1.05     -1.15      8.88      9.71      9.57
    NGC3599     -1.19     -0.45     -0.43      9.42     10.31     10.44
    NGC3605     -1.18     -0.72     -0.50      9.44      9.86     10.05
    NGC3607     -0.92     -0.95     -0.88      9.55      9.59      9.30
    NGC3608     -0.96     -0.12      0.15      9.63     10.28     10.62
    NGC3610     -1.04     -0.20      0.82      9.63     10.39     11.36
    NGC3613     -1.58     -0.76      0.29      8.77      9.63     10.60
    NGC3619     -1.38     -0.21      0.34      9.27     10.30     11.12
    NGC3626     -1.36     -0.37      0.36      9.22     10.07     10.90
    NGC3630     -1.96     -0.99      0.22      8.62      9.83     11.06
    NGC3640     -2.02     -1.08     -0.93      8.42      9.60      9.62
    NGC3641     -1.99     -1.04     -0.92      8.62      9.75      9.63
    NGC3648     -1.96     -1.31     -0.16      8.78      9.40     10.77
    NGC3658     -1.96     -1.22      0.21      8.71      9.51     11.12
    NGC3665     -1.94     -1.24      0.30      8.74      9.35     10.82
    NGC3674     -1.75     -0.94      0.15      8.88      9.64     10.77
    NGC3694     -1.97     -1.25     -0.45      8.77      9.40      9.64
    NGC3757     -0.88     -0.06      0.21      9.75     10.65     10.37
    NGC3796     -0.85     -0.15      0.21      9.99     10.54     10.87
    NGC3838     -0.84      0.12      0.16      9.88     10.76     10.73
    NGC3941     -1.20     -0.04     -0.26      9.20     10.65     10.42
    NGC3945     -0.79     -0.04      0.25      9.94     10.53     11.02
    NGC3998     -1.01      0.52      0.94      9.49     11.25     11.57
    NGC4026     -0.74      0.55      0.77      9.83     11.32     11.51
    NGC4036     -0.69     -0.09     -0.06      9.97     10.56     10.68
    NGC4078     -1.32     -0.50     -0.73      9.72     10.22      9.82
    NGC4111     -0.61      0.28      0.79      9.91     10.89     11.65
    NGC4119     -0.05      0.42      0.06     10.49     10.88     10.03
    NGC4143     -0.66      0.22      0.33      9.81     10.78     10.87
    NGC4150     -1.18     -2.03     -1.24      9.49      8.74      9.39
    NGC4168     -1.93     -1.05     -1.12      9.07     10.07     10.21
    NGC4179     -0.34      0.07     -0.12     10.14     10.54     10.51
    NGC4191     -1.03      0.06     -0.12      9.67     10.75     10.80
    NGC4203     -1.02     -0.47     -0.25      9.54     10.11     10.20
    NGC4215     -1.59     -0.76      0.16      9.24      9.83     10.91
    NGC4233     -1.26      0.19      0.69      9.54     10.86     11.61
    NGC4249     -0.81      0.28      0.98      9.90     11.01     11.32
    NGC4251     -1.37     -0.81     -0.47      9.59     10.03      9.90
    NGC4255     -1.45     -0.81      0.59      9.48      9.85     11.24
    NGC4259     -0.57      0.32      1.25     10.25     11.05     11.99
    NGC4261     -1.55     -0.90     -0.46      9.13     10.15     10.65
    NGC4262      0.46      1.08      1.14     11.19     11.69     11.45
    NGC4264     -0.61      0.37      1.00     10.16     11.14     11.49
    NGC4267      0.57      1.17      0.92     11.10     12.05     11.68
    NGC4268     -1.53     -0.74      1.03      9.27      9.92     11.68
    NGC4270     -0.85      0.43      1.23      9.83     11.01     11.67
    NGC4278     -1.13     -0.85      0.36      9.72     10.01     11.55
    NGC4281     -1.76      0.52      1.34      9.24     11.21     11.53
    NGC4283     -1.07     -0.56      0.15      9.83     10.07     10.77
    NGC4324      0.43      0.88      1.21     10.82     11.28     11.86
    NGC4339      0.46      0.83      1.11     10.85     11.63     11.35
    NGC4340      0.11      1.09      1.15     10.91     11.87     11.42
    NGC4342      0.52      0.94      1.09     11.06     11.69     11.27
    NGC4346     -0.69      0.35      0.85      9.90     10.88     11.41
    NGC4350      0.31      1.24      1.40     11.02     12.02     11.64
    NGC4365     -1.74     -0.47      0.18      9.21     10.59     11.28
    NGC4371      1.20      1.34      1.53     12.14     12.16     11.66
    NGC4374      0.10      1.34      1.89     10.50     12.06     12.82
    NGC4377      0.54      1.24      1.14     10.95     11.80     11.56
    NGC4379      0.69      1.47      1.52     11.44     11.98     12.22
    NGC4382     -0.12      0.74      0.75     10.34     11.38     11.59
    NGC4387      0.45      1.41      1.98     11.25     12.28     13.17
    NGC4406      1.18      1.56      2.14     11.96     12.31     13.10
    NGC4417      0.75      1.13      1.58     11.12     11.99     12.10
    NGC4425      1.25      1.80      1.95     12.21     12.65     13.02
    NGC4429      1.08      1.30      1.19     11.82     11.70     11.56
    NGC4434     -1.54     -0.37     -0.19      9.47     10.79     11.12
    NGC4435      1.26      1.78      1.95     11.98     12.62     12.54
    NGC4442      0.56      1.19      1.44     10.87     11.68     11.80
    NGC4452      0.85      1.43      1.43     11.43     12.19     11.68
    NGC4458      1.03      1.72      1.97     11.83     12.54     12.73
    NGC4459      0.79      1.51      1.55     11.45     12.23     12.25
    NGC4461      1.04      1.71      1.97     11.95     12.50     12.66
    NGC4472      0.72      1.07      1.27     11.21     11.59     11.56
    NGC4473      0.65      1.65      2.15     11.40     12.42     12.72
    NGC4474      0.79      1.47      1.53     11.65     12.25     12.52
    NGC4476      0.65      1.59      2.20     11.40     12.34     13.25
    NGC4477      0.88      1.48      1.79     11.70     12.21     12.51
    NGC4478      1.41      1.57      2.55     12.33     12.31     13.58
    NGC4483      0.81      1.19      1.26     11.74     12.09     11.50
    NGC4486      1.13      1.52      2.38     11.86     11.96     12.60
   NGC4486A      0.17      1.40      2.17     11.04     12.11     13.21
    NGC4489      0.34      1.12      0.87     11.08     11.56     11.54
    NGC4494     -0.93     -0.91     -0.26     10.03      9.82     10.82
    NGC4503      1.04      1.37      0.98     11.92     12.14     11.23
    NGC4521     -1.29      0.01      0.98      9.33     10.64     11.41
    NGC4526      0.83      1.03      1.21     11.21     11.84     11.82
    NGC4528      0.74      1.37      1.54     11.26     12.24     12.07
    NGC4546     -1.14     -0.31     -0.43      9.56     10.66     10.40
    NGC4550      0.81      1.55      1.46     11.62     12.29     12.41
    NGC4551      0.99      1.49      1.42     11.71     12.24     12.37
    NGC4552      0.91      1.38      1.51     11.54     12.23     11.70
    NGC4564      0.75      1.43      1.71     11.33     12.07     12.60
    NGC4570      0.52      0.99      0.92     11.35     11.85     11.77
    NGC4578      0.85      0.98      0.82     11.50     11.47     11.33
    NGC4596      0.85      1.14      0.80     11.42     11.97     11.37
    NGC4608      0.67      1.11      0.82     11.49     11.94     11.38
    NGC4612      0.51      0.71      0.50     11.06     11.30     11.34
    NGC4621      0.30      1.38      2.00     11.06     12.22     12.41
    NGC4623      0.22      0.73      0.54     11.11     11.35     11.16
    NGC4624     -0.18      0.24      0.17     10.34     10.72     10.81
    NGC4636     -0.70      0.05      0.08      9.95     11.08     10.81
    NGC4638      0.41      1.21      2.13     11.38     12.08     13.30
    NGC4643     -0.29      0.07      0.22     10.23     10.54     10.86
    NGC4649      0.57      1.15      1.80     11.10     11.79     12.52
    NGC4660      0.18      1.24      1.75     10.92     12.03     12.86
    NGC4684     -1.24      0.16      0.34      9.44     11.00     11.27
    NGC4690     -1.63     -0.66     -0.44      8.99     10.22      9.97
    NGC4694      0.62      1.00      1.02     11.50     11.80     11.52
    NGC4697     -1.63      0.56      0.53      9.13     11.35     10.75
    NGC4710      0.09      0.45      0.42     10.77     11.08     10.72
    NGC4733     -0.32      0.88      1.02     10.50     11.71     11.47
    NGC4753     -1.23     -0.25     -0.01      9.58     10.48     10.23
    NGC4754      0.25      0.74      1.04     10.75     11.51     11.11
    NGC4762     -1.61     -0.68     -0.71      9.34     10.43      9.87
    NGC4803     -1.90     -0.80     -0.28      8.59      9.52     10.10
    NGC5103     -2.01     -1.03     -0.73      8.47      9.54      9.99
    NGC5173     -1.72     -0.78      0.63      9.00      9.89     11.23
    NGC5198     -1.63     -0.73      0.78      8.98      9.84     11.07
    NGC5273     -1.74     -0.76     -0.62      9.14      9.94     10.01
    NGC5308     -1.34     -0.46      0.32      9.44     10.34     11.31
    NGC5322     -1.22     -0.38      0.56      9.43     10.29     11.33
    NGC5342     -1.76     -0.59      0.07      9.05     10.20     11.00
    NGC5353     -1.35     -0.54      2.34      9.26     10.10     12.99
    NGC5355     -0.81      0.93      2.53      9.98     11.84     13.59
    NGC5358     -0.63      0.92      1.98     10.08     11.84     13.05
    NGC5379     -1.17     -0.22      0.63      9.67     10.63     11.83
    NGC5422     -0.98     -0.27      0.65      9.85     10.45     11.43
    NGC5473     -1.37     -0.27      0.85      9.19     10.26     11.49
    NGC5475     -1.21     -0.29      0.71      9.65     10.56     11.46
    NGC5481     -1.78     -0.07      0.23      8.74     10.59     10.87
    NGC5485     -1.80     -0.05      0.74      8.76     10.57     11.56
    NGC5493     -1.96     -0.59      0.06      8.64     10.01     10.48
    NGC5500     -1.40     -0.22     -0.03      9.37     10.53     10.52
    NGC5507     -1.46     -0.62     -0.14      9.18     10.08     10.43
    NGC5557     -1.60     -0.38      0.30      8.91     10.41     10.73
    NGC5574     -0.98     -0.11      1.06      9.68     10.54     11.99
    NGC5576     -0.86     -0.16      1.03      9.71     10.46     11.80
    NGC5582     -2.01     -1.44     -1.12      8.59      8.97      8.91
    NGC5611     -2.37     -1.13     -1.29      8.18      9.58      9.73
    NGC5631     -1.58     -0.06     -0.13      9.23     10.64     10.56
    NGC5638     -0.76      0.00      0.02     10.09     10.70     10.63
    NGC5687     -1.66     -0.23     -0.56      8.97     10.49     10.18
    NGC5770     -1.96      0.32      1.32      8.86     11.17     11.99
    NGC5813     -1.64     -0.22     -0.04      9.23     10.79     10.98
    NGC5831     -0.97      0.10      0.77      9.97     11.09     11.96
    NGC5838     -1.45     -0.39      0.87      9.27     10.20     11.45
    NGC5839     -1.44     -1.19      0.53      9.33      9.49     11.27
    NGC5845     -1.08      0.02      1.32      9.88     10.82     12.35
    NGC5846     -1.00      0.10      0.71      9.63     10.96     11.37
    NGC5854     -0.97      0.03      0.63      9.97     10.92     11.62
    NGC5864     -1.33     -0.30      0.11      9.67     10.64     11.05
    NGC5866     -2.12     -1.17     -0.73      8.58      9.43      9.88
    NGC5869     -1.09     -0.58     -0.12      9.71     10.22     10.87
    NGC6010     -1.99     -1.07     -0.66      8.48      9.34      9.74
    NGC6014     -2.27     -1.73     -1.84      8.15      8.92      9.00
    NGC6017     -1.81     -0.78     -1.01      8.68      9.71      9.59
    NGC6149     -2.55     -1.86     -1.36      8.02      8.70      9.25
    NGC6278     -2.52     -1.47     -1.36      8.01      9.18      9.23
    NGC6547     -2.20     -1.46     -1.44      8.40      9.10      9.17
    NGC6548     -2.62     -1.42     -0.38      8.02      9.21     10.33
    NGC6703     -2.92     -1.57     -1.33      7.73      9.05      9.39
    NGC6798     -2.68     -1.63     -1.40      7.99      9.07      9.25
    NGC7280     -2.13     -1.58     -1.12      8.43      8.89      9.25
    NGC7332     -2.34     -1.91     -1.20      8.29      8.68      9.53
    NGC7454     -1.99     -1.34     -0.35      8.61      9.14     10.11
    NGC7457     -2.44     -1.37     -1.23      8.21      9.30      9.70
    NGC7465     -1.97     -1.53     -0.33      8.54      8.89     10.24
    NGC7693     -2.09     -1.45     -0.11      8.58      9.31     10.29
    NGC7710     -2.13     -1.55     -0.03      8.56      9.14     10.09
  PGC016060     -1.97     -0.95     -0.05      8.42      9.43     10.38
  PGC028887     -2.03     -0.87     -0.44      8.46      9.60      9.75
  PGC029321     -2.00     -0.96     -0.20      8.48      9.57     10.13
  PGC035754     -2.20     -1.23     -0.14      8.55      9.30     10.55
  PGC042549     -1.36     -0.51      0.84      9.17     10.32     11.99
  PGC044433     -2.14     -1.16     -1.05      8.40      9.75      9.28
  PGC050395     -1.70     -0.70     -0.84      8.92     10.06      9.88
  PGC051753     -1.58     -0.69     -0.55      9.04     10.06      9.89
  PGC054452     -1.41     -0.57     -0.16      9.46     10.41     10.52
  PGC056772     -2.60     -1.83     -1.81      7.87      8.94      8.59
  PGC058114     -2.31     -1.34     -1.04      8.22      9.45      9.38
  PGC061468     -2.35     -1.78     -0.86      8.30      8.93      9.92
  PGC071531     -2.06     -1.45     -1.21      8.63      9.04      9.22
  PGC170172     -2.20     -1.36     -1.37      8.65      9.38      8.67
   UGC03960     -2.36     -1.10     -0.98      8.23      9.51      9.77
   UGC04551     -2.24     -1.27     -1.45      8.15      9.26      9.06
   UGC05408     -2.09     -1.14      0.51      8.26      9.18     10.93
   UGC06062     -2.18     -1.38     -1.29      8.50      9.11      9.22
   UGC06176     -2.41     -1.35     -1.58      8.32      9.30      9.06
   UGC08876     -1.43     -0.45     -0.48      9.45     10.16     10.10
   UGC09519     -2.45     -1.48     -1.58      8.19      8.96      8.75
##########################################################################
