###########################################################################
# This is Table B1 from Krajnovic et al. 2020, A&A, 
# "Formation channels of slowly rotating early-type galaxies"
############################################################################
# Table Title: Metalicity and Age gradients of the ATLAS3D Sample
#
# Note: Columns (6) and (7), providing the alpha elements gradients and errors
# do not appear in the paper.
#
# Note: galaxies NGC4268 and PGC170172 do not have measured values. 
#
#Galaxy     D[Z/H]   er_D[Z/H]   DAge     er_DAge    Dalpha  er_Dalpah  HST
# (1)         (2)      (3)       (4)       (5)        (6)      (7)      (8)
############################################################################
IC0560      -0.454     0.068     0.411     0.054     0.269     0.074     0   
IC0598      -0.278     0.081     0.371     0.061     0.075     0.030     0   
IC0676       0.187     0.085     0.221     0.115    -0.326     0.052     0   
IC0719      -0.560     0.050    -0.080     0.106     0.188     0.048     0   
IC0782      -0.234     0.066     0.222     0.059    -0.190     0.032     0   
IC1024       0.151     0.052     0.099     0.037    -0.133     0.042     0   
IC3631      -0.519     0.071     0.744     0.128     0.355     0.054     0   
NGC0448     -0.403     0.040    -0.058     0.053    -0.131     0.038     0   
NGC0474     -0.257     0.041    -0.295     0.061    -0.124     0.052     1   
NGC0502     -0.305     0.059    -0.030     0.076     0.019     0.020     0   
NGC0509     -0.488     0.073     0.781     0.067     0.121     0.048     0   
NGC0516     -0.141     0.125    -0.169     0.164     0.255     0.045     0   
NGC0524      0.042     0.033    -0.264     0.033    -0.063     0.026     1   
NGC0525     -0.287     0.102     0.097     0.164    -0.204     0.057     0   
NGC0661     -0.330     0.062     0.020     0.075     0.140     0.017     1   
NGC0680     -0.320     0.019    -0.193     0.028     0.147     0.037     0   
NGC0770     -0.361     0.043     0.191     0.073     0.035     0.028     0   
NGC0821     -0.359     0.032    -0.073     0.020     0.058     0.031     1   
NGC0936     -0.173     0.021     0.056     0.021    -0.022     0.036     1   
NGC1023     -0.174     0.011    -0.025     0.011     0.121     0.007     1   
NGC1121     -0.504     0.017     0.032     0.011     0.191     0.036     0   
NGC1222      0.129     0.059     0.617     0.093     0.049     0.030     1   
NGC1248     -0.352     0.047     0.216     0.073    -0.084     0.029     0   
NGC1266     -0.107     0.102     0.235     0.056     0.018     0.030     0   
NGC1289     -0.398     0.072     0.026     0.068    -0.241     0.042     1   
NGC1665     -0.210     0.055     0.165     0.061     0.034     0.018     0   
NGC2481     -0.409     0.041     0.172     0.050    -0.079     0.020     0   
NGC2549     -0.348     0.021     0.131     0.039     0.019     0.015     1   
NGC2577     -0.487     0.026     0.173     0.032     0.237     0.009     0   
NGC2592     -0.378     0.041     0.074     0.025     0.103     0.033     1   
NGC2594     -0.749     0.067     0.195     0.080     0.187     0.032     0   
NGC2679     -0.687     0.070     0.693     0.060     0.165     0.028     0   
NGC2685     -0.310     0.017     0.008     0.026     0.067     0.024     1   
NGC2695     -0.256     0.034     0.012     0.014     0.112     0.031     0   
NGC2698     -0.633     0.045     0.254     0.025     0.124     0.022     0   
NGC2699     -0.459     0.012     0.121     0.026     0.196     0.012     1   
NGC2764      0.013     0.049     0.002     0.058    -0.095     0.040     0   
NGC2768     -0.305     0.015     0.248     0.021     0.034     0.034     1   
NGC2778     -0.599     0.024     0.200     0.067     0.193     0.025     1   
NGC2824     -0.278     0.050     0.376     0.080     0.098     0.034     1   
NGC2852     -0.737     0.052     0.037     0.077     0.226     0.050     0   
NGC2859     -0.258     0.023     0.195     0.028    -0.002     0.016     1   
NGC2880     -0.410     0.033     0.272     0.039    -0.050     0.018     1   
NGC2950     -0.450     0.035     0.196     0.051     0.119     0.016     1   
NGC2962     -0.373     0.033     0.034     0.041     0.056     0.051     1   
NGC2974     -0.156     0.027     0.045     0.034    -0.101     0.013     1   
NGC3032      0.455     0.247     0.053     0.060     0.457     0.032     1   
NGC3073     -0.505     0.078     0.580     0.103     0.412     0.059     1   
NGC3098     -0.258     0.035     0.276     0.035     0.051     0.024     0   
NGC3156     -0.332     0.077     0.632     0.041     0.045     0.012     1   
NGC3182     -0.351     0.067     0.193     0.207     0.123     0.058     0   
NGC3193     -0.651     0.026     0.407     0.033     0.065     0.028     1   
NGC3226     -0.370     0.028    -0.006     0.037     0.092     0.040     1   
NGC3230     -0.305     0.057     0.077     0.046     0.108     0.028     0   
NGC3245     -0.527     0.034     0.387     0.038     0.024     0.020     1   
NGC3248     -0.480     0.041     0.480     0.041     0.188     0.034     0   
NGC3301     -0.512     0.051     0.602     0.032     0.099     0.019     0   
NGC3377     -0.357     0.026    -0.073     0.030    -0.050     0.026     1   
NGC3379     -0.157     0.035    -0.224     0.077     0.028     0.022     1   
NGC3384     -0.325     0.030     0.058     0.046     0.046     0.009     1   
NGC3400     -0.421     0.072     0.276     0.041     0.091     0.045     0   
NGC3412     -0.383     0.040     0.234     0.034     0.041     0.018     1   
NGC3414     -0.437     0.035    -0.019     0.030    -0.106     0.039     1   
NGC3457     -0.692     0.073     0.526     0.061     0.218     0.018     0   
NGC3458     -0.451     0.044     0.052     0.043    -0.030     0.014     1   
NGC3489     -0.326     0.018     0.109     0.018     0.029     0.009     1   
NGC3499     -0.898     0.092     0.807     0.121     0.415     0.027     0   
NGC3522     -0.655     0.043     0.223     0.041     0.053     0.046     1   
NGC3530     -0.464     0.066     0.204     0.097     0.037     0.052     0   
NGC3595     -0.451     0.038     0.293     0.075     0.171     0.038     1   
NGC3599     -0.797     0.075     0.922     0.039     0.128     0.028     1   
NGC3605     -0.487     0.034     0.123     0.055     0.106     0.021     1   
NGC3607     -0.365     0.026     0.180     0.048     0.046     0.025     1   
NGC3608     -0.230     0.033    -0.248     0.033     0.010     0.028     1   
NGC3610     -0.548     0.024     0.318     0.025     0.067     0.015     1   
NGC3613     -0.405     0.029     0.316     0.033     0.103     0.021     1   
NGC3619     -0.495     0.027     0.283     0.054    -0.003     0.037     0   
NGC3626     -0.684     0.024     0.331     0.062     0.060     0.023     0   
NGC3630     -0.474     0.038     0.143     0.028     0.271     0.021     0   
NGC3640     -0.227     0.025    -0.001     0.031    -0.040     0.038     1   
NGC3641     -0.803     0.082    -0.068     0.051     0.358     0.022     0   
NGC3648     -0.506     0.049     0.207     0.064     0.224     0.020     0   
NGC3658     -0.364     0.061     0.016     0.077     0.231     0.019     0   
NGC3665     -0.408     0.019     0.368     0.042    -0.095     0.031     0   
NGC3674     -0.394     0.037     0.076     0.040     0.054     0.020     0   
NGC3694      0.104     0.114     0.549     0.108    -0.203     0.035     0   
NGC3757     -0.468     0.083    -0.059     0.107    -0.057     0.016     0   
NGC3796     -0.555     0.063     0.582     0.032     0.298     0.032     1   
NGC3838     -0.311     0.034    -0.127     0.048     0.113     0.016     0   
NGC3941     -0.331     0.034     0.231     0.035     0.017     0.013     0   
NGC3945     -0.280     0.055     0.159     0.056     0.113     0.031     1   
NGC3998     -0.318     0.038     0.251     0.032    -0.008     0.037     1   
NGC4026     -0.334     0.042     0.164     0.037     0.200     0.019     1   
NGC4036     -0.276     0.040     0.133     0.059    -0.067     0.025     0   
NGC4078     -0.514     0.021     0.170     0.041     0.162     0.033     0   
NGC4111     -0.419     0.027     0.187     0.016    -0.000     0.018     1   
NGC4119     -0.539     0.038     0.635     0.053     0.039     0.018     0   
NGC4143     -0.443     0.027     0.202     0.028     0.107     0.016     1   
NGC4150     -0.364     0.029     0.604     0.038     0.010     0.019     1   
NGC4168     -0.322     0.023     0.169     0.027    -0.041     0.012     1   
NGC4179     -0.535     0.041     0.235     0.038     0.235     0.016     0   
NGC4191     -0.342     0.077    -0.334     0.110    -0.049     0.043     1   
NGC4203     -0.489     0.022     0.208     0.034     0.037     0.013     1   
NGC4215     -0.445     0.031     0.251     0.037     0.105     0.033     0   
NGC4233     -0.364     0.045     0.187     0.060    -0.007     0.017     1   
NGC4249     -0.288     0.121     0.194     0.151    -0.246     0.043     0   
NGC4251     -0.348     0.039     0.297     0.031     0.114     0.013     0   
NGC4255     -0.503     0.048     0.374     0.045     0.006     0.011     0   
NGC4259     -0.719     0.049     0.304     0.048     0.025     0.020     0   
NGC4261     -0.184     0.022    -0.019     0.020     0.016     0.032     1   
NGC4262     -0.526     0.044     0.189     0.034     0.027     0.014     1   
NGC4264     -0.190     0.057     0.000     0.055     0.007     0.016     0   
NGC4267     -0.359     0.014     0.019     0.020     0.125     0.020     1   
NGC4268      0.000     0.000     0.000     0.000     0.000     0.000     0   
NGC4270     -0.117     0.056    -0.029     0.050     0.088     0.031     1   
NGC4278     -0.053     0.018    -0.292     0.032    -0.075     0.028     1   
NGC4281     -0.280     0.041     0.135     0.035     0.013     0.023     1   
NGC4283     -0.267     0.040     0.107     0.052    -0.103     0.029     1   
NGC4324     -0.332     0.037    -0.166     0.096     0.144     0.021     0   
NGC4339     -0.444     0.061     0.192     0.057     0.024     0.083     1   
NGC4340     -0.434     0.042     0.176     0.029     0.224     0.019     1   
NGC4342     -0.286     0.040     0.000     0.011     0.181     0.016     1   
NGC4346     -0.426     0.022     0.164     0.037     0.052     0.012     0   
NGC4350     -0.480     0.025     0.177     0.012     0.201     0.028     1   
NGC4365     -0.242     0.015     0.014     0.011     0.102     0.014     1   
NGC4371     -0.220     0.025     0.141     0.035     0.162     0.026     1   
NGC4374     -0.225     0.018    -0.020     0.023     0.034     0.012     1   
NGC4377     -0.500     0.033     0.269     0.044    -0.028     0.031     1   
NGC4379     -0.229     0.042     0.015     0.095     0.041     0.040     1   
NGC4382     -0.177     0.011     0.364     0.028     0.084     0.012     1   
NGC4387     -0.290     0.037     0.305     0.048     0.176     0.018     1   
NGC4406     -0.187     0.040     0.036     0.065    -0.076     0.026     1   
NGC4417     -0.292     0.035     0.106     0.023     0.181     0.018     1   
NGC4425     -0.298     0.033     0.142     0.039     0.257     0.029     0   
NGC4429     -0.281     0.038     0.379     0.074     0.003     0.016     1   
NGC4434     -0.530     0.032     0.226     0.050     0.087     0.031     1   
NGC4435     -0.574     0.044     0.676     0.106    -0.086     0.037     1   
NGC4442     -0.453     0.050     0.211     0.042     0.115     0.018     1   
NGC4452     -0.297     0.059     0.228     0.032     0.087     0.038     1   
NGC4458     -0.281     0.050     0.073     0.031     0.053     0.032     1   
NGC4459     -0.449     0.018     0.456     0.038    -0.005     0.016     1   
NGC4461     -0.303     0.048     0.122     0.029     0.171     0.015     0   
NGC4472     -0.191     0.012     0.079     0.009     0.124     0.018     1   
NGC4473     -0.334     0.010     0.074     0.009     0.066     0.011     1   
NGC4474     -0.501     0.043     0.411     0.044     0.120     0.020     1   
NGC4476     -0.845     0.070     0.606     0.121     0.341     0.047     1   
NGC4477     -0.234     0.021     0.274     0.026    -0.029     0.012     1   
NGC4478     -0.385     0.023     0.323     0.018     0.155     0.015     1   
NGC4483     -0.452     0.028     0.258     0.016     0.258     0.017     1   
NGC4486     -0.090     0.024     0.000     0.000     0.010     0.029     1   
NGC4486A    -0.147     0.069     0.400     0.081    -0.135     0.019     1   
NGC4489     -0.557     0.032     0.591     0.025     0.220     0.024     1   
NGC4494     -0.201     0.035     0.038     0.025    -0.037     0.013     1   
NGC4503     -0.363     0.037     0.133     0.027     0.129     0.031     1   
NGC4521     -0.349     0.032     0.313     0.048    -0.099     0.033     0   
NGC4526     -0.272     0.015     0.301     0.039     0.066     0.010     1   
NGC4528     -0.500     0.056     0.335     0.035     0.043     0.009     1   
NGC4546     -0.468     0.024     0.136     0.015     0.091     0.019     1   
NGC4550     -0.196     0.023     0.151     0.051    -0.000     0.015     1   
NGC4551     -0.232     0.021     0.253     0.024     0.090     0.027     1   
NGC4552     -0.318     0.032     0.093     0.039     0.027     0.018     1   
NGC4564     -0.468     0.025     0.089     0.018     0.134     0.028     1   
NGC4570     -0.309     0.029     0.080     0.012     0.129     0.013     1   
NGC4578     -0.267     0.026    -0.024     0.021    -0.002     0.020     1   
NGC4596     -0.244     0.043     0.139     0.038     0.053     0.031     1   
NGC4608     -0.219     0.023     0.134     0.017    -0.024     0.047     0   
NGC4612     -0.503     0.082     0.508     0.079     0.140     0.046     1   
NGC4621     -0.244     0.016     0.056     0.022     0.079     0.021     1   
NGC4623     -0.405     0.024     0.225     0.032     0.370     0.025     1   
NGC4624     -0.064     0.016    -0.144     0.026    -0.006     0.013     0   
NGC4636     -0.263     0.024     0.049     0.039     0.091     0.039     1   
NGC4638     -0.465     0.036     0.120     0.037     0.022     0.021     1   
NGC4643     -0.494     0.012     0.529     0.012     0.103     0.019     0   
NGC4649     -0.194     0.010     0.014     0.006     0.037     0.019     1   
NGC4660     -0.404     0.016     0.079     0.020     0.117     0.015     1   
NGC4684     -0.327     0.077     0.390     0.104    -0.164     0.086     0   
NGC4690     -0.205     0.039    -0.348     0.078    -0.048     0.034     1   
NGC4694     -0.556     0.063     0.385     0.069     0.288     0.044     1   
NGC4697     -0.280     0.027    -0.001     0.026     0.009     0.025     1   
NGC4710     -0.158     0.040     0.237     0.028     0.064     0.024     1   
NGC4733     -0.265     0.031     0.152     0.042     0.039     0.018     1   
NGC4753     -0.244     0.051     0.133     0.063     0.044     0.016     0   
NGC4754     -0.253     0.033    -0.001     0.017     0.095     0.010     1   
NGC4762     -0.219     0.038    -0.037     0.038     0.013     0.020     1   
NGC4803     -0.451     0.062     0.174     0.059     0.258     0.027     0   
NGC5103     -0.847     0.047     0.498     0.034    -0.055     0.052     0   
NGC5173     -0.312     0.078    -0.014     0.123    -0.011     0.029     1   
NGC5198     -0.273     0.030    -0.105     0.056     0.146     0.029     1   
NGC5273     -0.160     0.018     0.394     0.032    -0.094     0.039     1   
NGC5308     -0.197     0.012     0.052     0.012    -0.007     0.024     1   
NGC5322     -0.403     0.029     0.321     0.038     0.046     0.045     1   
NGC5342     -0.508     0.045    -0.015     0.055    -0.168     0.033     0   
NGC5353     -0.450     0.029     0.202     0.023     0.048     0.015     0   
NGC5355     -0.677     0.090     0.558     0.120    -0.140     0.021     0   
NGC5358     -0.616     0.087     0.432     0.073     0.030     0.019     0   
NGC5379     -0.050     0.062    -0.046     0.074    -0.087     0.040     0   
NGC5422     -0.437     0.035     0.192     0.032     0.190     0.028     1   
NGC5473     -0.521     0.026     0.367     0.027    -0.275     0.054     0   
NGC5475     -0.357     0.026     0.353     0.023    -0.029     0.020     1   
NGC5481     -0.607     0.040     0.191     0.062    -0.322     0.067     1   
NGC5485     -0.297     0.035     0.088     0.029     0.084     0.019     1   
NGC5493     -0.303     0.049    -0.028     0.067     0.055     0.036     0   
NGC5500     -0.590     0.059     0.499     0.043    -0.234     0.054     0   
NGC5507     -0.625     0.092     0.277     0.045     0.098     0.029     0   
NGC5557     -0.295     0.028     0.012     0.033    -0.007     0.019     1   
NGC5574     -0.432     0.037     0.297     0.046     0.040     0.010     0   
NGC5576     -0.529     0.037     0.495     0.063     0.036     0.032     1   
NGC5582     -0.484     0.029     0.243     0.049    -0.115     0.034     0   
NGC5611     -0.491     0.070     0.201     0.028     0.008     0.022     0   
NGC5631     -0.577     0.036     0.467     0.023     0.026     0.030     1   
NGC5638     -0.419     0.022     0.254     0.031     0.124     0.026     0   
NGC5687     -0.233     0.044    -0.457     0.109     0.182     0.021     0   
NGC5770     -0.391     0.047     0.281     0.043    -0.096     0.035     0   
NGC5813     -0.173     0.047    -0.016     0.035    -0.010     0.024     1   
NGC5831     -0.356     0.031    -0.140     0.046    -0.015     0.023     1   
NGC5838     -0.295     0.020     0.131     0.026     0.098     0.012     1   
NGC5839     -0.346     0.090     0.155     0.055     0.425     0.039     0   
NGC5845     -0.481     0.036     0.237     0.080     0.023     0.012     1   
NGC5846     -0.189     0.019     0.094     0.012     0.048     0.014     1   
NGC5854     -0.436     0.029     0.361     0.043     0.096     0.020     1   
NGC5864     -0.460     0.061     0.394     0.052     0.067     0.018     0   
NGC5866     -0.310     0.045     0.426     0.043     0.001     0.019     1   
NGC5869     -0.333     0.063     0.052     0.056    -0.091     0.025     0   
NGC6010     -0.487     0.057     0.341     0.044     0.197     0.031     0   
NGC6014     -0.237     0.073     0.094     0.074    -0.084     0.061     0   
NGC6017     -0.752     0.048     0.415     0.066     0.177     0.055     0   
NGC6149     -0.343     0.037     0.031     0.042     0.102     0.017     0   
NGC6278      0.157     0.132    -0.411     0.158    -0.062     0.053     1   
NGC6547     -0.352     0.055    -0.048     0.042    -0.046     0.040     0   
NGC6548     -0.130     0.014     0.078     0.029    -0.070     0.029     0   
NGC6703     -0.365     0.039     0.040     0.061    -0.113     0.024     1   
NGC6798     -0.463     0.055     0.185     0.085    -0.002     0.022     0   
NGC7280     -0.370     0.055     0.229     0.023     0.137     0.021     1   
NGC7332     -0.326     0.033     0.252     0.011     0.110     0.011     0   
NGC7454     -0.244     0.029     0.252     0.047    -0.053     0.026     1   
NGC7457     -0.186     0.035     0.068     0.031     0.071     0.020     1   
NGC7465     -0.518     0.109     0.552     0.117     0.268     0.058     1   
NGC7693     -0.270     0.056     0.586     0.065    -0.276     0.024     0   
NGC7710     -0.540     0.060    -0.133     0.123     0.773     0.046     0   
PGC016060   -0.250     0.080    -0.373     0.021     0.152     0.022     0   
PGC028887   -0.586     0.065    -0.003     0.080     0.258     0.039     1   
PGC029321    0.183     0.134     0.198     0.076    -0.303     0.058     0   
PGC035754   -0.820     0.055    -0.020     0.071     0.309     0.035     0   
PGC042549   -0.181     0.070    -0.349     0.114     0.064     0.035     0   
PGC044433   -0.443     0.075     0.020     0.092     0.179     0.020     0   
PGC050395   -0.200     0.150    -0.090     0.165    -0.140     0.028     1   
PGC051753   -0.321     0.033     0.033     0.055    -0.126     0.049     0   
PGC054452   -0.076     0.094    -0.195     0.134     0.024     0.039     0   
PGC056772   -0.316     0.141     0.212     0.083    -0.044     0.074     0   
PGC058114    0.019     0.100     0.300     0.104    -0.167     0.032     0   
PGC061468   -0.312     0.154     0.630     0.159     0.117     0.035     0   
PGC071531   -0.506     0.322    -0.386     0.679     0.154     0.038     0   
PGC170172    0.000     0.000     0.000     0.000     0.000     0.000     0    
UGC03960    -0.668     0.113     0.268     0.111    -0.197     0.146     1   
UGC04551    -0.248     0.055     0.032     0.068     0.277     0.033     1   
UGC05408     0.458     0.150    -0.158     0.181    -0.702     0.036     1   
UGC06062    -0.321     0.033     0.178     0.055    -0.024     0.031     1   
UGC06176     0.109     0.132     0.129     0.167    -0.114     0.030     0   
UGC08876    -0.455     0.043     0.296     0.077     0.114     0.057     0   
UGC09519    -0.783     0.073     0.701     0.138     0.028     0.014     0   
