#########################################################################################
#
# This is Table A1 from Poci et. al (2017, MNRAS, 467, 1397)
# "Systematic trends in total-mass profiles from dynamical models of early-type galaxies"
# 
# Table title: The total slopes and dark matter fractions for the models in this work.
#
#########################################################################################
#  Galaxy  | gamma_tot | gamma_tot | gamma_tot | gamma_* | gamma_* | f_DM(Re)| f_DM(Re) |
#          |  Model I  | Model II  | Model III | M/L(R)  |Model III| Model I | Model II |
#   (1)    |    (2)    |    (3)    |    (4)    |   (5)   |   (6)   |   (7)   |   (8)    |
#########################################################################################
   IC0560      -2.20       -2.28       -2.31      -2.37     -2.39     0.10       0.02   
   IC0598      -1.92       -1.49       -2.02      -2.11     -2.27     0.20       0.71   
   IC0676      -2.01       -2.24       -1.84      -1.98     -2.08     0.00       0.00   
   IC0719      -1.69       -1.64       -1.78      -1.90     -1.82     0.31       0.11   
   IC0782      -1.70       -1.74       -1.68      -2.23     -2.21     0.51       0.44   
   IC1024      -1.81       -1.82       -1.33      -1.46     -1.61     0.18       0.31   
   IC3631      -2.81       -3.05       -1.99      -1.83     -2.05     0.00       0.00   
  NGC0448      -2.00       -2.00       -1.93      -2.26     -2.14     0.19       0.12   
  NGC0474      -2.42       -2.81       -2.53      -2.51     -2.49     0.17       0.00   
  NGC0502      -2.78       -3.04       -2.61      -2.37     -2.37     0.00       0.00   
  NGC0509      -1.85       -1.62       -1.84      -1.98     -1.98     0.22       0.00   
  NGC0516      -1.71       -1.56       -1.66      -1.85     -1.88     0.31       0.06   
  NGC0524      -1.81       -1.81       -1.84      -2.29     -2.29     0.46       0.48   
  NGC0525      -2.34       -2.55       -2.06      -2.39     -2.38     0.14       0.03   
  NGC0661      -2.17       -2.16       -2.31      -2.52     -2.46     0.23       0.24   
  NGC0680      -2.32       -2.44       -2.41      -2.63     -2.56     0.19       0.07   
  NGC0770      -1.99       -1.88       -1.74      -2.23     -2.22     0.23       0.40   
  NGC0821      -2.20       -2.27       -2.20      -2.48     -2.39     0.28       0.23   
  NGC0936      -2.01       -1.97       -1.81      -2.35     -2.33     0.42       0.45   
  NGC1023      -2.41       -2.78       -2.38      -2.40     -2.36     0.02       0.00   
  NGC1121      -2.16       -2.06       -2.13      -2.60     -2.43     0.12       0.27   
  NGC1222      -1.48       -1.30       -1.65      -2.53     -2.54     0.78       0.85   
  NGC1248      -2.21       -2.46       -2.62      -2.37     -2.33     0.13       0.00   
  NGC1266      -2.30       -2.12       -1.78      -1.78     -1.82     0.00       0.00   
  NGC1289      -2.22       -2.30       -2.36      -2.59     -2.50     0.19       0.11   
  NGC1665      -2.16       -2.04       -2.18      -2.19     -2.17     0.04       0.21   
  NGC2481      -2.28       -2.28       -2.10      -2.67     -2.52     0.09       0.16   
  NGC2549      -2.12       -2.12       -2.18      -2.47     -2.39     0.19       0.16   
  NGC2577      -2.22       -2.29       -2.27      -2.44     -2.33     0.18       0.11   
  NGC2592      -2.49       -2.43       -2.48      -2.58     -2.54     0.04       0.09   
  NGC2594      -2.48       -2.46       -2.34      -2.81     -2.76     0.05       0.07   
  NGC2679      -2.29       -2.72       -2.15      -2.30     -2.31     0.00       0.00   
  NGC2685      -2.03       -2.04       -2.16      -2.35     -2.31     0.21       0.15   
  NGC2695      -2.26       -2.32       -2.41      -2.55     -2.49     0.17       0.11   
  NGC2698      -2.53       -2.81       -2.53      -2.76     -2.62     0.04       0.00   
  NGC2699      -2.32       -2.31       -2.30      -2.54     -2.50     0.12       0.13   
  NGC2764      -2.06       -2.02       -1.85      -1.73     -1.78     0.04       0.18   
  NGC2768      -2.06       -2.57       -2.17      -2.23     -2.20     0.13       0.00   
  NGC2778      -2.29       -2.28       -2.53      -2.56     -2.47     0.13       0.14   
  NGC2824      -1.98       -1.98       -1.86      -2.45     -2.46     0.24       0.24   
  NGC2852      -3.03       -3.11       -2.58      -2.62     -2.67     0.00       0.00   
  NGC2859      -2.31       -2.66       -2.31      -2.51     -2.46     0.26       0.00   
  NGC2880      -2.09       -2.27       -2.18      -2.46     -2.42     0.31       0.11   
  NGC2950      -2.32       -2.31       -2.41      -2.63     -2.56     0.17       0.18   
  NGC2962      -2.57       -3.42       -2.34      -2.47     -2.38     0.00       0.00   
  NGC2974      -2.20       -2.26       -2.37      -2.44     -2.36     0.20       0.12   
  NGC3032      -2.27       -2.12       -2.04      -2.52     -2.55     0.18       0.33   
  NGC3073      -2.17       -2.51       -1.92      -2.59     -2.36     0.34       0.04   
  NGC3098      -1.89       -1.84       -1.75      -2.22     -2.15     0.21       0.09   
  NGC3156      -1.81       -1.77       -1.86      -1.77     -2.04     0.17       0.24   
  NGC3182      -1.79       -1.34       -1.75      -2.36     -2.19     0.56       0.83   
  NGC3193      -2.24       -2.40       -2.29      -2.38     -2.37     0.16       0.03   
  NGC3226      -2.28       -2.29       -2.21      -2.22     -2.15     0.00       0.00   
  NGC3230      -2.19       -2.08       -2.30      -2.44     -2.31     0.20       0.37   
  NGC3245      -2.27       -1.99       -2.38      -2.55     -2.47     0.18       0.45   
  NGC3248      -2.21       -2.35       -2.40      -2.54     -2.53     0.20       0.05   
  NGC3301      -2.13       -2.06       -2.22      -2.36     -2.45     0.15       0.26   
  NGC3377      -2.22       -2.10       -2.30      -2.53     -2.35     0.25       0.34   
  NGC3379      -2.08       -2.14       -2.07      -2.44     -2.43     0.39       0.39   
  NGC3384      -2.19       -2.28       -2.44      -2.73     -2.69     0.40       0.36   
  NGC3400      -1.88       -1.85       -2.05      -2.15     -2.14     0.27       0.33   
  NGC3412      -2.03       -1.95       -1.98      -2.55     -2.50     0.47       0.51   
  NGC3414      -2.26       -2.18       -2.26      -2.47     -2.42     0.19       0.23   
  NGC3457      -2.14       -2.14       -2.11      -2.31     -2.31     0.07       0.09   
  NGC3458      -2.33       -2.37       -2.42      -2.75     -2.74     0.10       0.05   
  NGC3489      -2.06       -2.08       -2.24      -2.38     -2.46     0.26       0.22   
  NGC3499      -1.91       -2.01       -1.69      -2.67     -2.64     0.30       0.28   
  NGC3522      -2.00       -2.02       -2.17      -2.53     -2.45     0.31       0.26   
  NGC3530      -1.90       -1.86       -1.82      -2.45     -2.28     0.20       0.39   
  NGC3595      -2.38       -2.15       -2.46      -2.59     -2.46     0.11       0.30   
  NGC3599      -2.33       -2.58       -2.32      -2.42     -2.42     0.01       0.00   
  NGC3605      -2.45       -2.49       -2.36      -2.39     -2.40     0.01       0.00   
  NGC3607      -2.23       -2.44       -2.24      -2.44     -2.41     0.23       0.09   
  NGC3608      -2.14       -2.14       -2.25      -2.41     -2.34     0.30       0.30   
  NGC3610      -2.27       -2.27       -2.29      -2.53     -2.47     0.17       0.12   
  NGC3613      -2.21       -2.38       -2.23      -2.39     -2.29     0.15       0.00   
  NGC3619      -2.29       -2.22       -2.22      -2.56     -2.55     0.28       0.30   
  NGC3626      -2.20       -2.16       -2.26      -2.38     -2.47     0.24       0.28   
  NGC3630      -2.19       -2.19       -2.23      -2.82     -2.71     0.19       0.22   
  NGC3640      -2.11       -2.21       -2.18      -2.37     -2.32     0.21       0.19   
  NGC3641      -2.18       -2.04       -2.20      -3.05     -3.03     0.39       0.43   
  NGC3648      -2.07       -2.05       -2.27      -2.69     -2.54     0.27       0.33   
  NGC3658      -2.45       -2.57       -2.75      -2.54     -2.54     0.06       0.00   
  NGC3665      -2.11       -2.24       -2.18      -2.29     -2.26     0.18       0.05   
  NGC3674      -2.31       -2.38       -2.23      -2.68     -2.55     0.12       0.06   
  NGC3694      -1.57       -1.52       -1.40      -2.35     -2.35     0.59       0.73   
  NGC3757      -2.26       -2.23       -2.08      -2.79     -2.77     0.14       0.16   
  NGC3796      -1.93       -1.91       -2.05      -2.42     -2.52     0.28       0.31   
  NGC3838      -2.36       -2.46       -2.33      -2.88     -2.68     0.09       0.00   
  NGC3941      -2.33       -2.37       -2.49      -2.48     -2.40     0.11       0.08   
  NGC3945      -2.21       -2.49       -2.06      -2.46     -2.42     0.23       0.00   
  NGC3998      -2.25       -2.23       -2.35      -2.48     -2.50     0.27       0.29   
  NGC4026      -2.28       -2.25       -2.15      -2.32     -2.29     0.12       0.17   
  NGC4036      -2.21       -2.41       -2.17      -2.27     -2.16     0.10       0.00   
  NGC4078      -2.26       -2.33       -2.00      -2.44     -2.31     0.10       0.01   
  NGC4111      -2.38       -2.38       -2.22      -1.71     -1.74     0.04       0.01   
  NGC4119      -1.73       -1.89       -1.92      -1.90     -1.99     0.29       0.13   
  NGC4143      -2.18       -2.09       -2.28      -2.45     -2.41     0.20       0.33   
  NGC4150      -2.15       -2.12       -2.33      -2.23     -2.49     0.02       0.08   
  NGC4168      -1.79       -1.80       -2.00      -2.19     -2.15     0.49       0.55   
  NGC4179      -2.20       -2.20       -2.18      -2.41     -2.33     0.15       0.13   
  NGC4191      -2.14       -2.18       -2.12      -2.46     -2.38     0.19       0.12   
  NGC4203      -2.66       -2.78       -2.52      -2.60     -2.57     0.00       0.00   
  NGC4215      -2.24       -2.27       -2.24      -2.46     -2.37     0.08       0.04   
  NGC4233      -2.12       -2.13       -2.22      -2.62     -2.57     0.31       0.30   
  NGC4249      -1.52       -1.46       -1.49      -2.35     -2.35     0.75       0.73   
  NGC4251      -2.10       -2.09       -2.13      -2.28     -2.25     0.20       0.16   
  NGC4255      -2.31       -2.42       -2.38      -2.79     -2.67     0.15       0.02   
  NGC4259      -1.90       -1.80       -1.78      -2.53     -2.44     0.31       0.49   
  NGC4261      -2.02       -1.96       -2.17      -2.39     -2.38     0.40       0.38   
  NGC4262      -2.60       -2.56       -2.40      -2.82     -2.77     0.05       0.05   
  NGC4264      -1.84       -1.88       -1.78      -2.19     -2.13     0.38       0.30   
  NGC4267      -2.30       -2.27       -2.54      -2.65     -2.65     0.37       0.32   
  NGC4268      -2.07       -1.90       -2.08      -2.52     -2.41     0.27       0.45   
  NGC4270      -2.47       -2.84       -2.17      -2.30     -2.23     0.00       0.00   
  NGC4278      -2.17       -2.23       -2.07      -2.41     -2.45     0.22       0.18   
  NGC4281      -2.25       -2.40       -2.33      -2.37     -2.32     0.10       0.00   
  NGC4283      -2.71       -2.74       -2.21      -2.45     -2.44     0.00       0.00   
  NGC4324      -1.87       -1.85       -1.97      -2.28     -2.21     0.37       0.41   
  NGC4339      -2.49       -2.88       -2.37      -2.30     -2.34     0.00       0.00   
  NGC4340      -2.10       -2.18       -2.07      -2.40     -2.40     0.45       0.41   
  NGC4342      -2.50       -2.49       -2.26      -2.65     -2.56     0.03       0.02   
  NGC4346      -2.11       -2.09       -2.25      -2.58     -2.54     0.28       0.32   
  NGC4350      -2.22       -2.24       -2.12      -2.46     -2.35     0.11       0.08   
  NGC4365      -2.19       -2.11       -2.22      -2.41     -2.36     0.15       0.19   
  NGC4371      -1.93       -1.95       -1.97      -2.17     -2.15     0.26       0.33   
  NGC4374      -2.13       -2.17       -2.28      -2.37     -2.37     0.20       0.21   
  NGC4377      -2.04       -1.96       -1.85      -2.60     -2.59     0.34       0.45   
  NGC4379      -2.27       -2.27       -2.28      -2.31     -2.28     0.09       0.09   
  NGC4382      -1.90       -2.07       -1.79      -2.09     -2.24     0.68       0.97   
  NGC4387      -2.26       -2.28       -2.04      -2.14     -2.10     0.07       0.00   
  NGC4406      -2.08       -1.98       -2.20      -2.22     -2.20     0.29       0.19   
  NGC4417      -2.17       -2.13       -2.20      -2.40     -2.38     0.17       0.25   
  NGC4425      -1.91       -1.92       -1.84      -2.05     -2.01     0.21       0.06   
  NGC4429      -2.39       -2.99       -2.19      -2.20     -2.17     0.00       0.00   
  NGC4434      -2.76       -2.95       -2.42      -2.41     -2.46     0.00       0.00   
  NGC4435      -2.12       -2.15       -2.16      -2.27     -2.25     0.21       0.18   
  NGC4442      -2.36       -2.75       -2.30      -2.33     -2.27     0.03       0.00   
  NGC4452      -1.83       -1.63       -1.36      -1.56     -1.50     0.17       0.08   
  NGC4458      -2.19       -2.08       -2.03      -2.26     -2.24     0.07       0.18   
  NGC4459      -2.14       -2.10       -2.12      -2.34     -2.32     0.18       0.24   
  NGC4461      -2.24       -2.31       -2.42      -2.51     -2.44     0.18       0.10   
  NGC4472      -2.12       -2.36       -2.37      -2.24     -2.21     0.00       0.00   
  NGC4473      -2.09       -2.11       -2.17      -2.56     -2.48     0.33       0.29   
  NGC4474      -2.17       -2.45       -2.20      -2.48     -2.35     0.22       0.00   
  NGC4476      -1.97       -2.03       -1.94      -2.29     -2.30     0.31       0.07   
  NGC4477      -1.85       -1.70       -1.92      -2.42     -2.41     0.66       0.68   
  NGC4478      -2.30       -2.28       -2.03      -2.00     -1.98     0.02       0.00   
  NGC4483      -1.93       -1.92       -1.97      -2.30     -2.24     0.34       0.37   
  NGC4486      -1.99       -1.89       -2.11      -2.16     -2.15     0.00       0.00   
  NGC4486A     -2.81       -2.86       -2.20      -2.40     -2.41     0.00       0.00   
  NGC4489      -1.66       -1.67       -1.48      -2.27     -2.27     0.68       0.61   
  NGC4494      -2.00       -2.15       -2.13      -2.31     -2.26     0.38       0.40   
  NGC4503      -2.27       -2.38       -2.38      -2.43     -2.34     0.13       0.02   
  NGC4521      -1.97       -1.71       -1.90      -2.28     -2.21     0.29       0.66   
  NGC4526      -2.26       -2.54       -2.24      -2.24     -2.24     0.00       0.00   
  NGC4528      -2.15       -2.42       -2.40      -2.42     -2.38     0.17       0.00   
  NGC4546      -2.33       -2.45       -2.43      -2.50     -2.41     0.10       0.00   
  NGC4550      -1.79       -1.62       -1.60      -1.85     -1.83     0.28       0.05   
  NGC4551      -2.12       -2.16       -2.06      -2.10     -2.06     0.08       0.00   
  NGC4552      -2.07       -2.29       -2.20      -2.40     -2.38     0.42       0.28   
  NGC4564      -2.27       -2.30       -2.28      -2.48     -2.36     0.11       0.07   
  NGC4570      -2.14       -2.14       -2.13      -2.47     -2.38     0.17       0.24   
  NGC4578      -2.04       -1.92       -2.05      -2.60     -2.46     0.48       0.55   
  NGC4596      -2.01       -2.25       -2.27      -2.38     -2.35     0.34       0.22   
  NGC4608      -2.05       -2.29       -3.12      -2.44     -2.44     0.31       0.00   
  NGC4612      -1.81       -2.03       -1.75      -2.30     -2.38     0.54       0.33   
  NGC4621      -2.22       -2.43       -2.29      -2.37     -2.30     0.14       0.00   
  NGC4623      -1.61       -1.56       -1.64      -2.14     -2.05     0.52       0.73   
  NGC4624      -1.99       -2.04       -2.15      -2.43     -2.42     0.43       0.43   
  NGC4636      -1.90       -1.92       -1.97      -2.40     -2.34     0.56       0.64   
  NGC4638      -2.15       -2.10       -2.07      -2.23     -2.12     0.12       0.03   
  NGC4643      -2.15       -2.42       -2.19      -2.52     -2.49     0.26       0.03   
  NGC4649      -2.09       -2.03       -2.11      -2.34     -2.34     0.04       0.04   
  NGC4660      -2.25       -2.25       -2.27      -2.55     -2.45     0.11       0.09   
  NGC4684      -1.95       -1.91       -1.90      -1.94     -1.98     0.14       0.11   
  NGC4690      -2.30       -2.67       -2.31      -2.26     -2.25     0.00       0.00   
  NGC4694      -2.65       -2.96       -2.22      -2.01     -2.13     0.00       0.00   
  NGC4697      -2.10       -2.30       -2.18      -2.25     -2.19     0.19       0.11   
  NGC4710      -2.19       -2.40       -1.65      -1.80     -1.80     0.00       0.00   
  NGC4733      -2.01       -1.90       -1.97      -1.90     -1.90     0.00       0.00   
  NGC4753      -2.02       -2.25       -1.99      -2.03     -2.05     0.00       0.00   
  NGC4754      -2.11       -2.09       -2.22      -2.49     -2.44     0.29       0.31   
  NGC4762      -2.06       -2.09       -1.98      -2.46     -2.32     0.24       0.22   
  NGC4803      -1.50       -1.59       -1.52      -2.36     -2.33     0.63       0.68   
  NGC5103      -2.07       -2.07       -2.08      -2.73     -2.53     0.21       0.26   
  NGC5173      -2.02       -2.08       -1.90      -2.59     -2.59     0.31       0.25   
  NGC5198      -2.31       -2.33       -2.32      -2.22     -2.19     0.00       0.00   
  NGC5273      -1.83       -1.69       -1.57      -1.89     -2.07     0.16       0.27   
  NGC5308      -2.20       -2.23       -2.12      -2.41     -2.33     0.11       0.01   
  NGC5322      -2.16       -2.48       -2.28      -2.42     -2.39     0.27       0.05   
  NGC5342      -2.04       -1.86       -2.03      -2.88     -2.61     0.22       0.49   
  NGC5353      -1.99       -1.82       -1.84      -2.06     -2.00     0.24       0.11   
  NGC5355      -1.67       -1.65       -1.73      -2.08     -2.24     0.44       0.59   
  NGC5358      -1.80       -1.75       -1.86      -2.58     -2.44     0.40       0.52   
  NGC5379      -1.18       -0.85       -1.40      -1.88     -1.89     0.94       0.71   
  NGC5422      -2.11       -2.08       -2.13      -2.47     -2.41     0.25       0.35   
  NGC5473      -1.95       -1.87       -1.94      -2.48     -2.44     0.52       0.57   
  NGC5475      -1.86       -1.61       -1.91      -2.27     -2.31     0.27       0.82   
  NGC5481      -2.49       -2.87       -2.50      -2.47     -2.44     0.00       0.00   
  NGC5485      -1.96       -1.89       -2.20      -2.32     -2.27     0.33       0.35   
  NGC5493      -2.06       -2.04       -2.16      -2.52     -2.32     0.24       0.27   
  NGC5500      -2.19       -2.50       -2.15      -2.22     -2.27     0.04       0.00   
  NGC5507      -2.15       -2.13       -2.26      -2.62     -2.55     0.23       0.27   
  NGC5557      -2.29       -2.07       -2.35      -2.41     -2.36     0.15       0.26   
  NGC5574      -2.11       -2.04       -1.97      -2.01     -2.02     0.08       0.02   
  NGC5576      -2.53       -2.91       -2.58      -2.64     -2.55     0.07       0.00   
  NGC5582      -2.12       -2.12       -2.07      -2.63     -2.51     0.50       0.51   
  NGC5611      -2.28       -2.34       -2.21      -2.61     -2.45     0.10       0.03   
  NGC5631      -2.14       -2.18       -2.31      -2.47     -2.42     0.30       0.28   
  NGC5638      -1.77       -1.64       -2.29      -2.25     -2.24     0.55       0.62   
  NGC5687      -2.24       -2.29       -2.33      -2.59     -2.49     0.29       0.26   
  NGC5770      -2.65       -2.80       -2.38      -2.53     -2.53     0.00       0.00   
  NGC5813      -2.03       -2.12       -1.91      -2.38     -2.31     0.62       0.63   
  NGC5831      -2.21       -2.13       -2.25      -2.44     -2.37     0.18       0.23   
  NGC5838      -2.46       -2.62       -2.52      -2.45     -2.42     0.07       0.00   
  NGC5839      -2.42       -2.21       -2.49      -2.55     -2.51     0.10       0.28   
  NGC5845      -2.73       -2.72       -2.01      -2.62     -2.57     0.02       0.01   
  NGC5846      -1.91       -1.98       -2.14      -2.20     -2.20     0.30       0.24   
  NGC5854      -2.06       -2.09       -2.14      -2.22     -2.22     0.18       0.09   
  NGC5864      -2.13       -2.27       -2.02      -2.06     -1.96     0.08       0.00   
  NGC5866      -1.92       -1.90       -1.93      -1.87     -1.96     0.00       0.00   
  NGC5869      -2.17       -2.24       -2.18      -2.58     -2.47     0.29       0.24   
  NGC6010      -2.14       -2.15       -2.21      -2.67     -2.54     0.18       0.17   
  NGC6014      -1.80       -1.93       -1.61      -1.97     -1.95     0.21       0.00   
  NGC6017      -2.58       -3.26       -2.23      -2.67     -2.57     0.03       0.00   
  NGC6149      -1.98       -1.91       -1.92      -2.58     -2.52     0.28       0.44   
  NGC6278      -2.32       -2.08       -2.33      -2.65     -2.63     0.12       0.37   
  NGC6547      -2.21       -2.34       -2.29      -3.07     -2.67     0.23       0.04   
  NGC6548      -1.64       -1.49       -2.40      -2.40     -2.41     0.84       0.85   
  NGC6703      -2.40       -2.63       -2.49      -2.46     -2.46     0.00       0.00   
  NGC6798      -2.08       -2.01       -2.04      -2.50     -2.40     0.23       0.38   
  NGC7280      -2.12       -1.98       -2.03      -2.41     -2.47     0.20       0.38   
  NGC7332      -2.25       -2.23       -2.26      -2.37     -2.42     0.07       0.16   
  NGC7454      -2.01       -2.02       -2.06      -2.23     -2.18     0.20       0.19   
  NGC7457      -1.65       -1.60       -1.71      -2.01     -2.06     0.51       0.51   
  NGC7465      -2.16       -2.17       -1.98      -2.48     -2.46     0.16       0.06   
  NGC7693      -1.96       -2.27       -2.44      -2.26     -2.29     0.27       0.00   
  NGC7710      -2.31       -2.71       -1.81      -2.33     -2.32     0.09       0.00   
 PGC016060     -1.91       -1.94       -1.97      -2.15     -2.08     0.20       0.02   
 PGC028887     -2.04       -2.00       -2.06      -2.90     -2.75     0.32       0.37   
 PGC029321     -1.37       -1.33       -1.15      -2.23     -2.14     0.72       0.70   
 PGC035754     -2.58       -2.79       -2.49      -2.88     -2.75     0.08       0.02   
 PGC042549     -2.05       -2.13       -2.23      -2.44     -2.40     0.20       0.08   
 PGC044433     -2.11       -2.10       -2.07      -2.74     -2.69     0.16       0.07   
 PGC050395     -1.43       -1.24       -1.52      -2.42     -2.44     0.72       0.67   
 PGC051753     -1.79       -1.78       -1.65      -1.93     -1.84     0.31       0.22   
 PGC054452     -1.94       -2.10       -1.89      -2.25     -2.24     0.27       0.09   
 PGC056772     -2.22       -2.39       -2.14      -2.11     -2.06     0.13       0.00   
 PGC058114        --          --          --         --        --       --         --
 PGC061468     -1.33       -1.24       -1.12      -2.00     -2.01     0.73       0.65   
 PGC071531        --          --          --         --        --       --         --
 PGC170172     -1.94       -1.93       -2.13      -2.23     -2.33     0.22       0.25   
  UGC03960     -2.22       -2.47       -2.35      -2.35     -2.43     0.20       0.00   
  UGC04551     -2.43       -2.42       -1.92      -2.48     -2.46     0.09       0.08   
  UGC05408     -3.29       -3.77       -2.50      -2.66     -2.71     0.00       0.00   
  UGC06062     -2.00       -1.95       -1.93      -2.52     -2.43     0.29       0.39   
  UGC06176     -1.80       -1.77       -1.73      -2.23     -2.22     0.37       0.46   
  UGC08876     -2.46       -2.50       -2.36      -3.10     -2.89     0.06       0.02   
  UGC09519     -2.04       -2.02       -2.15      -2.59     -2.66     0.17       0.10   
#########################################################################################